/*                  MIT License (MIT)                       */
/*           AUTO GENERATED CODE - DO NOT MODIFY            */
/* Copyright (c) 2025 Eric Gionet (gionet.c.eric@gmail.com) */

#ifndef __CLA_MATRIX_LUP_INVERSE_TEST_DATA_H__
#define __CLA_MATRIX_LUP_INVERSE_TEST_DATA_H__

#include <stdint.h>

#ifdef __cplusplus
extern "C" {
#endif


static const uint8_t cla_matrix_lup_inverse_cases = 10;


static const uint16_t cla_matrix_lup_inverse_a_0_rows = 10;

static const uint16_t cla_matrix_lup_inverse_a_0_cols = 10;

static const double cla_matrix_lup_inverse_a_0_matrix[10][10] = {
	{42,50,55,46,57, 9, 4,10,21,37},
	{44,67,45,89,23,35,49, 3,75,30},
	{60, 1,53,42,94,65,90,69,47,90},
	{20,27,82,94,89,52,64,24,20,93},
	{90,90,29,71,84, 7,29, 3,41,89},
	{89,52,51,42,45,96,88,46,77,26},
	{95,21,59,46,33,70,45, 2,32,36},
	{67,20,63,87,87,93,15,58, 4,47},
	{55,75,67,65,45,19,76,40, 1,12},
	{52,75,84,87,85, 6,18,74,81,81},};

static const uint16_t cla_matrix_lup_inverse_x_0_rows = 10;

static const uint16_t cla_matrix_lup_inverse_x_0_cols = 10;

static const double cla_matrix_lup_inverse_x_0_matrix[10][10] = {
	{0.000364854191892977, 0.00479070593798701, 0.00914677041547072, -0.0140457901899563, 0.00165865719250561, -0.0115503394146086,  0.0115840360563296, 0.00202808289463331, 0.00359537200553023,-0.000950283413101905},
	{ -0.0154669316843828, -0.0201176274478599, -0.0253184249955688,  0.0168981073205445,  0.0107092980878896,  0.0227894126984883,-0.00593222119573231,-0.00334965217890144, 0.00120779818963896,  0.00856527582400871},
	{ 0.00809055288466200,-0.00920228574208631,-0.00716053611499206, 0.00818487131522018,-0.00907890866405213, 0.00261713422739573,  0.0103736498286142,-0.00741143688154229, 0.00121039913169600,  0.00691743289844789},
	{-0.00281972742798396,  0.0213016893385468,  0.0103729827139538,-0.00971798087065420,-0.00218203516334098, -0.0184585224249488,0.000198230166338742, 0.00904735043301284, 0.00369000552937830, -0.00453130986064587},
	{  0.0511190544449385,  0.0203158621361916,  0.0279045088768359, -0.0189596335305983,-0.00721623076003979,-0.00977305024135653, -0.0189536401501544, 0.00555140542242100,-0.00313400612285655,  -0.0233786895206568},
	{ -0.0131030068637259, -0.0143615875422322, -0.0189727855288000,  0.0159891365594076, 0.00412171755751892,  0.0204056207614411,-0.00216003700290844, 0.00308824654798360,-0.00630097801438695,  0.00305020192465909},
	{ 0.00219620140190565, 0.00703824104988343,  0.0105719087907330,-0.00215181733411380,-0.00160191942533933,-0.00366602454246998,-0.00211727252615422,-0.00440476182625851, 0.00653372196246417, -0.00742013632438077},
	{ -0.0241831178459446, -0.0102042941182988,-0.00575057140405387,0.000525219592932512, 0.00173532116567527, 0.00339131530465010,0.000530804780334647, 0.00389758928543760, 0.00514657240831776,   0.0143572576419458},
	{  0.0183373946900088,  0.0152203632576841,  0.0121755698749859, -0.0101816171876614,-0.00660505790646753,-0.00244833894477842,-0.00436940524218261,-0.00226868258938516,-0.00741499570276678, -0.00345175069709070},
	{ -0.0406796809739416, -0.0255018317857190, -0.0232930175920590,  0.0242119712492263,  0.0134209585119421,  0.0123343948485975,  0.0114899619234456,-0.00659958927690255,-0.00362827814463583,   0.0190096695999296},};

static const uint16_t cla_matrix_lup_inverse_a_1_rows = 7;

static const uint16_t cla_matrix_lup_inverse_a_1_cols = 7;

static const double cla_matrix_lup_inverse_a_1_matrix[7][7] = {
	{79,85,60,65,99, 36,29},
	{60,59,65,61,11, 91,26},
	{42, 1,96,66,30, 60,51},
	{65,32, 8,21,83, 93,37},
	{36,35,57,66,82, 17,42},
	{91,92,76,12,61, 50,27},
	{69, 3,53,49,92,100,34},};

static const uint16_t cla_matrix_lup_inverse_x_1_rows = 7;

static const uint16_t cla_matrix_lup_inverse_x_1_cols = 7;

static const double cla_matrix_lup_inverse_x_1_matrix[7][7] = {
	{ 0.0898806096147401, -0.0398026963157263, 0.0671444401324535,  0.0269293211054936,-0.0998355573828554, -0.0286480064136342, -0.0301714505596742},
	{-0.0286228021625292,  0.0192990960020555,-0.0272668267358647,-0.00514292173734288, 0.0360080034087904,  0.0132879632092122, 0.00111970248978728},
	{-0.0355701998545375,  0.0111636456727462,-0.0213274644835200, -0.0239571797226490, 0.0338470570017358,  0.0206874594686105,  0.0216252807930097},
	{ 0.0337037925492082,-0.00122544771173765, 0.0159475824881256, 0.00339887729934762,-0.0235347728936434, -0.0224781784620083,-0.00850771265837879},
	{-0.0268520277399523, 0.00607162442336824,-0.0272936065591521, -0.0121822790281505, 0.0349473274140382,  0.0114966632518082,  0.0201578579064983},
	{-0.0374127269949083,  0.0213108284569394,-0.0284194410980106,-0.00825835480039690, 0.0330503849292188,  0.0109292701300901,  0.0177244619425154},
	{0.00969118682400728, -0.0156708769895669, 0.0338445323535224,  0.0355028322704374,-0.0111839210331237,-0.00614047313118213, -0.0375811794785348},};

static const uint16_t cla_matrix_lup_inverse_a_2_rows = 11;

static const uint16_t cla_matrix_lup_inverse_a_2_cols = 11;

static const double cla_matrix_lup_inverse_a_2_matrix[11][11] = {
	{ 9,74,43,34,14,81,39,35,52,60,16},
	{31,46,50,38,22,97,30, 9,34,49,48},
	{ 6,47,30,28,29,13,84,39,17, 3,12},
	{92,76,33,67,33,89,90,24, 7,27,19},
	{76,74,55,12,70,25,62,70,62,55,79},
	{ 9,34,54,65,31,32,78,26,48,16, 2},
	{83,34,37,48,95,24,50,26,68,55,91},
	{47,34,59, 9,64,86,58, 9, 2, 4,25},
	{72,81,89,80,50,93,80,71, 5,92,49},
	{66,38,80,16,47,38,16,90,67,19,85},
	{17,44,74,62,73,13,36,69,28, 8,85},};

static const uint16_t cla_matrix_lup_inverse_x_2_rows = 11;

static const uint16_t cla_matrix_lup_inverse_x_2_cols = 11;

static const double cla_matrix_lup_inverse_x_2_matrix[11][11] = {
	{-0.00848114326587238,-0.00168381058626288,  -0.0150463979328369, 0.00857247243328037,   0.0111164555123159, 0.00775170110080108, -0.00499439764003918,-0.000829770083485824,-0.000495031945469725, 0.000749024239016856,-0.00263151112912903},
	{ 0.00160290681772575, 0.00219165836130284,  -0.0274587576554718,  0.0115024135460646,   0.0341257231505219, 0.00978490390638833,  -0.0217853282145410, -0.00111417293352790,  -0.0112155699770264,  -0.0194752126296484,  0.0174104280072485},
	{ -0.0223376795622860,  0.0149562018287176,  -0.0335474708190361,-0.00276427626061380,   0.0376253299976909,  0.0301971277161953,  -0.0276470669341471,  0.00314100515677755,-0.000811231221442784,  -0.0130734281232058, 0.00764882871952229},
	{ 0.00337598213786841,-0.00410749969322827, -0.00470882840419009, 0.00671015374287361,  -0.0103322801719072, 0.00303200374957148,  0.00460087029707302, -0.00600420920711443, 0.000747468053451288, -6.30218000941906e-5, 0.00685294551081626},
	{  0.0193504234340338, -0.0242325716256773,-0.000423774388503568,-0.00278763729584471,  -0.0135668340858992,-0.00823871597268291,   0.0146154041491884,   0.0135054722169814,  0.00116721856538648,-0.000930466800964301, 0.00416613852329186},
	{  0.0136443387275843,-0.00375054028145379,   0.0194868848326171,-0.00121173792233759,  -0.0280682580411666, -0.0168143586649143,   0.0139884633855731,  0.00514172965576462,  0.00187131397378380,   0.0129256880256278,-0.00694062655754833},
	{ -0.0105567927375989,  0.0108286075398487,   0.0240173046234687,-0.00505595795312849, -0.00437056399459751,-0.00213677569337562,  0.00409490019298145, -0.00241026947292740,  0.00279325710317329,  0.00270603690459044, -0.0102673263671434},
	{  0.0195745186905433, -0.0219444269376153,   0.0287740933085890,-0.00318580001041760,  -0.0358065492329577, -0.0225641585834551,   0.0186449835638836, 0.000348895576744322,  0.00924047608750179,   0.0221526371204891,-0.00837583995575176},
	{ 0.00623701908733037,-0.00112340495376213, -0.00236132996408579, 1.71933296976100e-5,-0.000705495330788319, 0.00749657384983207,  0.00380706132076119, -0.00176299858117895, -0.00714846748605417,  0.00499660856647009,-0.00416380041026369},
	{ 0.00100661509870576,0.000173547862386088,  0.00247194706995293,-0.00935063259581924,  1.86250931527633e-6,-0.00163061243119200,  0.00579116646298848, -0.00229474305773540,   0.0109440247991608, -0.00284532823194334,-0.00749829747057031},
	{ -0.0144225304690667,  0.0241439429779375,   0.0142629010423700,-0.00197532783543337,  0.00198603295729106,-0.00856331466520813,-0.000370984146057628, -0.00846315125488963, -0.00258224162744824,-0.000325701122153814, 0.00232953459323301},};

static const uint16_t cla_matrix_lup_inverse_a_3_rows = 2;

static const uint16_t cla_matrix_lup_inverse_a_3_cols = 2;

static const double cla_matrix_lup_inverse_a_3_matrix[2][2] = {
	{65,77},
	{20,17},};

static const uint16_t cla_matrix_lup_inverse_x_3_rows = 2;

static const uint16_t cla_matrix_lup_inverse_x_3_cols = 2;

static const double cla_matrix_lup_inverse_x_3_matrix[2][2] = {
	{-0.0390804597701149, 0.177011494252874},
	{ 0.0459770114942529,-0.149425287356322},};

static const uint16_t cla_matrix_lup_inverse_a_4_rows = 1;

static const uint16_t cla_matrix_lup_inverse_a_4_cols = 1;

static const double cla_matrix_lup_inverse_a_4_matrix[1][1] = {
	{4},};

static const uint16_t cla_matrix_lup_inverse_x_4_rows = 1;

static const uint16_t cla_matrix_lup_inverse_x_4_cols = 1;

static const double cla_matrix_lup_inverse_x_4_matrix[1][1] = {
	{0.250000000000000},};

static const uint16_t cla_matrix_lup_inverse_a_5_rows = 6;

static const uint16_t cla_matrix_lup_inverse_a_5_cols = 6;

static const double cla_matrix_lup_inverse_a_5_matrix[6][6] = {
	{35, 85,94,57,75,38},
	{44, 32,39, 2,26,96},
	{53,100,87,97,89,41},
	{66, 30,11,60,45,56},
	{ 8, 74,61,30,53,67},
	{13, 79,73,16,75,96},};

static const uint16_t cla_matrix_lup_inverse_x_5_rows = 6;

static const uint16_t cla_matrix_lup_inverse_x_5_cols = 6;

static const double cla_matrix_lup_inverse_x_5_matrix[6][6] = {
	{ -1.03324301812061,  0.449665559260167,   1.23436033718517,-0.712205036346651,  -0.879653335232554, 0.461529402823004},
	{ -1.82524384811973,  0.763305613887706,   2.15264815615172, -1.24773967765272,   -1.47148662899723, 0.794649781088294},
	{ 0.999918930449220, -0.399613595676013,  -1.16278795624450, 0.660262354122997,   0.803589661783518,-0.445571949338875},
	{  1.23394792644715, -0.524236770700108,  -1.46321976908432, 0.855305304241980,    1.04807986023283,-0.569684670400781},
	{0.0506818917215270,-0.0410113157728789,-0.0589678695285053,0.0437186617012669,-0.00213364027017518,0.0221204783570610},
	{ 0.636333673041296, -0.265743398635358, -0.764461056182887, 0.444449621464853,   0.545954552032765,-0.289526497826078},};

static const uint16_t cla_matrix_lup_inverse_a_6_rows = 5;

static const uint16_t cla_matrix_lup_inverse_a_6_cols = 5;

static const double cla_matrix_lup_inverse_a_6_matrix[5][5] = {
	{ 1,30,82,53, 9},
	{47,20,33,86,96},
	{17,85,67,98,11},
	{94,90,54,52,37},
	{67,91, 8, 1,56},};

static const uint16_t cla_matrix_lup_inverse_x_6_rows = 5;

static const uint16_t cla_matrix_lup_inverse_x_6_cols = 5;

static const double cla_matrix_lup_inverse_x_6_matrix[5][5] = {
	{-0.00611681430549099,0.000116818374088609,-0.00709139611910844,  0.0196131642951675,-0.0107829456566802},
	{-0.00153246019462150,-0.00478566624018692, 0.00889838074649914,-0.00751775199269859, 0.0116694774344267},
	{  0.0197406301802347,-0.00217319059633086,-0.00966253949651386, 0.00165796999435604,0.00135542268385946},
	{ -0.0119141931774908, 0.00473375457209967,  0.0108598104171526, 0.00328055456596174,-0.0105009131045253},
	{ 0.00720124264132261, 0.00786286726770751,-0.00478908218564639, -0.0115448373385975, 0.0117891507874713},};

static const uint16_t cla_matrix_lup_inverse_a_7_rows = 9;

static const uint16_t cla_matrix_lup_inverse_a_7_cols = 9;

static const double cla_matrix_lup_inverse_a_7_matrix[9][9] = {
	{52,96,89,57,73,32,80,60,64},
	{20,80,45, 5,18,64,30,81, 5},
	{56,26,19,41,52, 6, 7,45,98},
	{44,93, 9,33, 1,27,39, 3,47},
	{38,32,72,23,14,90,64,16,30},
	{81,39,81,60,14,51,35,67,24},
	{31,11,80,87,78,32,86,43,12},
	{54,95,61,91,75,40,41,69, 4},
	{12,82,19, 9,54,45,84,43,62},};

static const uint16_t cla_matrix_lup_inverse_x_7_rows = 9;

static const uint16_t cla_matrix_lup_inverse_x_7_cols = 9;

static const double cla_matrix_lup_inverse_x_7_matrix[9][9] = {
	{-0.00128290937727541,-0.0503226192863171, -0.0164222859122361,  -0.0316895730724019,  0.00264602066737955,  0.0436234013318854, -0.0407848787675639,  0.0277376351706387,  0.0433006290793679},
	{ 0.00669857641897010,0.00367246877337338,-0.00235606754425582,  0.00612389153372669,-0.000560076748193457,-0.00635050286944371,-0.00364311711585211, 0.00273662696072161,-0.00487119755756849},
	{  0.0189235925785287, 0.0100891967173615,0.000687441451651871,  0.00153992790805642,  0.00467704178454454, -0.0104662468939301, 0.00361320256111651,-0.00894084903791840, -0.0209357765357567},
	{ -0.0103867336975829, 0.0314191139346994,  0.0139064867338699,   0.0321251518224123, -0.00506500719570416, -0.0240305597521123,  0.0356590447128562, -0.0159224896474789, -0.0322676996232800},
	{ 0.00370611354087838,-0.0300742253832535,-0.00494741137142522,  -0.0299249402038204,  0.00954883442007337, 0.00852978792627590, -0.0266130666661283,  0.0273881033917034,  0.0245664969011804},
	{ -0.0118426513731219,0.00578640072096173, 0.00610954538286895, 0.000739170375789036,   0.0138482435977552,-0.00868442834607247, 0.00107219530072990, 0.00551368010723264,-0.00236162681569127},
	{-0.00343709639345427,-0.0103992070296114, -0.0105998544310259,-0.000905731956714628, -0.00764378610915259,  0.0155474235959071, 0.00247255763205145,-0.00476693058597331,  0.0193370611010861},
	{-0.00646353159347162, 0.0182886753466474, 0.00439812836258576,  0.00431053828070504,  -0.0126360710618502, 0.00309863385342398,  0.0125766707864562, -0.0111942322292108,-0.00181963604233704},
	{ 0.00160453430016851, 0.0206290760937252,  0.0152507117069749,   0.0166636002715799, 0.000282522329737539, -0.0176877413247358,  0.0167570487768043, -0.0175705730190114, -0.0193284952753432},};

static const uint16_t cla_matrix_lup_inverse_a_8_rows = 5;

static const uint16_t cla_matrix_lup_inverse_a_8_cols = 5;

static const double cla_matrix_lup_inverse_a_8_matrix[5][5] = {
	{19,85,43,38,30},
	{95,50,61,64,25},
	{43,51,76,54,16},
	{ 8,13,22,81,44},
	{32,95,52,71,13},};

static const uint16_t cla_matrix_lup_inverse_x_8_rows = 5;

static const uint16_t cla_matrix_lup_inverse_x_8_cols = 5;

static const double cla_matrix_lup_inverse_x_8_matrix[5][5] = {
	{-0.00126765775160679,  0.0161674080104979, -0.0100864754668580,-0.00424647383855837,-0.00137900087291893},
	{ 0.00902187923532142, 6.64572788835322e-5,-0.00914623175378129,-0.00524046309117911, 0.00804632884928081},
	{0.000963305030325752,-0.00899466821804006,  0.0279387683379276,-0.00252024160244409, -0.0107817006429286},
	{ -0.0176061171296432,-0.00161348837217520,-0.00294307804892871, 0.00898233849941699,  0.0169528521540145},
	{  0.0294945365633548, 0.00450845568712736,-0.00401524465766273, 0.00977212972033612, -0.0279444063270010},};

static const uint16_t cla_matrix_lup_inverse_a_9_rows = 12;

static const uint16_t cla_matrix_lup_inverse_a_9_cols = 12;

static const double cla_matrix_lup_inverse_a_9_matrix[12][12] = {
	{93,90,77,11,51,19,72,41, 5,35,56,29},
	{29,99,14,95,21,90, 4,15,59, 3,89, 9},
	{52,43,60,57,54,65,58,41, 4,87,95,87},
	{44,98,31,78,32,82,57,41,56,71,94,81},
	{64,94, 2,86,76,83,17,15,21, 3,61,72},
	{35,23,53,87, 2,68,53,44,95,41,83,70},
	{38,72, 8,48,59,58,27, 6,41,85,20,67},
	{35, 2, 3,94,93,48,47,46,11,54,50,51},
	{17,38,76,43,51,39,37, 4,71,17,40,22},
	{99,58,17,91,74,37,42,66,82,24,44,20},
	{11,86,46,90,87,16,38,70,72,95,33,28},
	{61,81, 6,28,21,99,30,22, 6,51, 4, 5},};

static const uint16_t cla_matrix_lup_inverse_x_9_rows = 12;

static const uint16_t cla_matrix_lup_inverse_x_9_cols = 12;

static const double cla_matrix_lup_inverse_x_9_matrix[12][12] = {
	{ 0.00976792809474471, 0.00810183021436916, 0.00225557437122160, -0.0205324118557371,-0.00229115650835367,0.00943761661027368,  0.0145079449292712,-0.00100333013123721,  -0.0106119966113539,  0.00337365137038689,-0.00452307166784225, -0.00263829192052493},
	{ 0.00693324780796303, 0.00202291729216775,-0.00804195103239128, 0.00199482415172754, 0.00388330037947819,0.00123749167250837, 0.00176473868937288,-0.00139384868257157, -0.00425715600908815, -0.00621947048021454, 0.00454152149396244,-0.000738094466778730},
	{ 0.00888465996835587, 0.00425270327157146, 0.00437304513272460, -0.0271931062693976, 0.00658399795281177, 0.0161153846966790, 0.00266132265366511,-0.00394176071426743, -0.00302948029299713,  -0.0108646948434435, 0.00791800530025069,  0.00181838498351830},
	{  0.0329709014702044,  0.0237999338114965, -0.0231092488274064, -0.0487491532096960, 0.00223449130603503, 0.0401740314826512,  0.0271386881094306,  0.0204008267139520,  -0.0288758031326797,  -0.0292359769351968, 0.00749731872925256, -0.00658140986587058},
	{ -0.0173214907992938, -0.0106334509359566,  0.0108493544153050,  0.0214141369569859,0.000975769670236648,-0.0254594122964435, -0.0126323512292360,-0.00353975503314626,   0.0196798083151943,   0.0149345665416523,-0.00280146469938518,  0.00103554906289576},
	{ -0.0181815431487557, -0.0100967538557464,  0.0105927471490252,  0.0153611788205458, 0.00306068206555441,-0.0120626981134605, -0.0162612421529199,-0.00609884833919301,   0.0146947627618709,  0.00816315295766527,-0.00264583855881681,   0.0128821876170863},
	{  0.0193230876714242,0.000436324509198609, -0.0293647443314724,  0.0120580931411379,-0.00863095417690613,0.00778780031871632, 0.00543324521528694,  0.0239598206916522,-0.000855024795600385,  -0.0145119076436552,-0.00651256040251051,-0.000912893454587447},
	{ -0.0250086890038833, -0.0222934737120631,  0.0182539969025590,  0.0261190444348151, 0.00982528810721116,-0.0165831793074655, -0.0348361306029526, -0.0171592099028516,  0.00957943324172769,   0.0181583701222790, 0.00908117610359474,   0.0113014626721852},
	{ -0.0149019577894787,-0.00791196421609317, 0.00395709777614537,  0.0203398863540024,-0.00446311947122144,-0.0129406912523659,-0.00491458950563647,-0.00864018691495907,   0.0142229384599938,   0.0159914840622400,-0.00432779902659904,-0.000573956568979891},
	{ 0.00300461414334231, 0.00869801660377302, 0.00483590020036328,-0.00994528278231981, -0.0109617075718252,0.00190020207741272,  0.0146353303839600, 0.00129842757989380, -0.00683114956419598,-0.000934635676504114,0.000233467553250048, -0.00173772035011440},
	{ -0.0115378599717952, 0.00283834190838291,  0.0141640860524319,  0.0219082158342511,-0.00960748044553545,-0.0212785089871532,-0.00806040415115200,-0.00407480304169369,  0.00939267588531591,   0.0141615838481617,-0.00814139170089741, -0.00612068630230288},
	{-0.00347588308640069, -0.0114429902918852, 0.00208696797561087, 0.00195063674087821,  0.0133345592284455,0.00568039115624816,-0.00198250153899047,-0.00694366738799761, -0.00176263650395729, -0.00181077505569468, 0.00271928081209182, -0.00153752635590284},};

static const uint16_t cla_matrix_lup_inverse_a_rows[10] = { cla_matrix_lup_inverse_a_0_rows, cla_matrix_lup_inverse_a_1_rows, cla_matrix_lup_inverse_a_2_rows, cla_matrix_lup_inverse_a_3_rows, cla_matrix_lup_inverse_a_4_rows, cla_matrix_lup_inverse_a_5_rows, cla_matrix_lup_inverse_a_6_rows, cla_matrix_lup_inverse_a_7_rows, cla_matrix_lup_inverse_a_8_rows, cla_matrix_lup_inverse_a_9_rows,};

static const uint16_t cla_matrix_lup_inverse_a_cols[10] = { cla_matrix_lup_inverse_a_0_cols, cla_matrix_lup_inverse_a_1_cols, cla_matrix_lup_inverse_a_2_cols, cla_matrix_lup_inverse_a_3_cols, cla_matrix_lup_inverse_a_4_cols, cla_matrix_lup_inverse_a_5_cols, cla_matrix_lup_inverse_a_6_cols, cla_matrix_lup_inverse_a_7_cols, cla_matrix_lup_inverse_a_8_cols, cla_matrix_lup_inverse_a_9_cols,};

static const double *cla_matrix_lup_inverse_a_mats[10] = { &cla_matrix_lup_inverse_a_0_matrix[0][0], &cla_matrix_lup_inverse_a_1_matrix[0][0], &cla_matrix_lup_inverse_a_2_matrix[0][0], &cla_matrix_lup_inverse_a_3_matrix[0][0], &cla_matrix_lup_inverse_a_4_matrix[0][0], &cla_matrix_lup_inverse_a_5_matrix[0][0], &cla_matrix_lup_inverse_a_6_matrix[0][0], &cla_matrix_lup_inverse_a_7_matrix[0][0], &cla_matrix_lup_inverse_a_8_matrix[0][0], &cla_matrix_lup_inverse_a_9_matrix[0][0],};

static const uint16_t cla_matrix_lup_inverse_x_rows[10] = { cla_matrix_lup_inverse_x_0_rows, cla_matrix_lup_inverse_x_1_rows, cla_matrix_lup_inverse_x_2_rows, cla_matrix_lup_inverse_x_3_rows, cla_matrix_lup_inverse_x_4_rows, cla_matrix_lup_inverse_x_5_rows, cla_matrix_lup_inverse_x_6_rows, cla_matrix_lup_inverse_x_7_rows, cla_matrix_lup_inverse_x_8_rows, cla_matrix_lup_inverse_x_9_rows,};

static const uint16_t cla_matrix_lup_inverse_x_cols[10] = { cla_matrix_lup_inverse_x_0_cols, cla_matrix_lup_inverse_x_1_cols, cla_matrix_lup_inverse_x_2_cols, cla_matrix_lup_inverse_x_3_cols, cla_matrix_lup_inverse_x_4_cols, cla_matrix_lup_inverse_x_5_cols, cla_matrix_lup_inverse_x_6_cols, cla_matrix_lup_inverse_x_7_cols, cla_matrix_lup_inverse_x_8_cols, cla_matrix_lup_inverse_x_9_cols,};

static const double *cla_matrix_lup_inverse_x_mats[10] = { &cla_matrix_lup_inverse_x_0_matrix[0][0], &cla_matrix_lup_inverse_x_1_matrix[0][0], &cla_matrix_lup_inverse_x_2_matrix[0][0], &cla_matrix_lup_inverse_x_3_matrix[0][0], &cla_matrix_lup_inverse_x_4_matrix[0][0], &cla_matrix_lup_inverse_x_5_matrix[0][0], &cla_matrix_lup_inverse_x_6_matrix[0][0], &cla_matrix_lup_inverse_x_7_matrix[0][0], &cla_matrix_lup_inverse_x_8_matrix[0][0], &cla_matrix_lup_inverse_x_9_matrix[0][0],};

#ifdef __cplusplus
}
#endif

#endif  // __CLA_MATRIX_LUP_INVERSE_TEST_DATA_H__
