/*                  MIT License (MIT)                       */
/*           AUTO GENERATED CODE - DO NOT MODIFY            */
/* Copyright (c) 2025 Eric Gionet (gionet.c.eric@gmail.com) */

#ifndef __CLA_MATRIX_LUP_INVERSE_TEST_DATA_H__
#define __CLA_MATRIX_LUP_INVERSE_TEST_DATA_H__

#include <stdint.h>

#ifdef __cplusplus
extern "C" {
#endif


static const uint8_t cla_matrix_lup_inverse_cases = 5;


static const uint16_t cla_matrix_lup_inverse_a_rows[5] = {1, 6, 2, 3, 13, };

static const uint16_t cla_matrix_lup_inverse_a_cols[5] = {1, 6, 2, 3, 13, };

static const double cla_matrix_lup_inverse_a_mats[5][15][15] = {
{	{31},}, 
{	{45,19, 6,20,47,25},
	{95,24,65,61,18,76},
	{78,76,33,14,69,69},
	{14, 1,56,63,66,37},
	{86,91,17,81,16,53},
	{24,96,25,66,14,38},}, 
{	{25, 5},
	{67,28},}, 
{	{23,21,94},
	{ 5,42,66},
	{ 1,47,92},}, 
{	{65,77, 4,95, 34,86,82, 47, 4,66,69,62, 93},
	{36,23,67, 8, 57,62,85, 74,89,26,21,40, 97},
	{72,49,81,31, 18,55,19, 83,78,48,56,57, 27},
	{98,37, 4,50, 80,42,80, 35,55,92,67,20, 36},
	{37,70,89,49, 73,77,59,  6, 4,50,35,35, 46},
	{81, 8,77,49, 58,77, 2, 42,77,83,12,69, 24},
	{95,92,92,69, 89,17,25,100,42,15,96,84, 91},
	{23,22,89,84, 78,70,12, 99,81,74,36,43, 55},
	{12,88,31,34, 94,53,55,  1,45,42,23,54, 42},
	{14,24,58,21, 72,66,59, 14,52,64, 6,86,100},
	{20,15,72,60,100,97, 9, 84,66,17,44,48, 18},
	{ 8,12,46,56, 19,96,60,100,72,75,53, 3, 41},
	{11, 9,31,84, 35, 9,13, 20,44, 3,79,12, 29},}, };


static const uint16_t cla_matrix_lup_inverse_x_rows[5] = {1, 6, 2, 3, 13, };

static const uint16_t cla_matrix_lup_inverse_x_cols[5] = {1, 6, 2, 3, 13, };

static const double cla_matrix_lup_inverse_x_mats[5][15][15] = {
{	{0.0322580645161290},}, 
{	{ -1.09558265023309, -0.386724946302580, 0.415613936811802, 0.423229028799615, 0.777471944267514,-0.756899646761977},
	{-0.634731353227424, -0.226812063142581, 0.243861742964249, 0.241356693126529, 0.439173331568585,-0.419127469837581},
	{ -1.91078950647461, -0.663348385751636, 0.721619667324739, 0.740236659775085,  1.31531177112145, -1.28178479861927},
	{ 0.394402272630152,  0.135665592399918,-0.158587444403284,-0.144407256895292,-0.262556050511498, 0.263958710734587},
	{-0.152192117260777,-0.0654128714936350,0.0649085774665100,0.0700305044517009, 0.113121783018890,-0.112870890654411},
	{  2.92363344277244,   1.04212940840150, -1.10178690118642, -1.13903167981445, -2.05152016840911,  1.98961489875937},}, 
{	{0.0767123287671233,-0.0136986301369863},
	{-0.183561643835616, 0.0684931506849315},}, 
{	{ 0.0278163101409068, 0.0907497992261079,-0.0935241293713952},
	{-0.0143827115426736, 0.0738117836022487,-0.0382565525297510},
	{0.00704533839526904,-0.0386946046579543, 0.0314302401985836},}, 
{	{-0.00159583492801845,  0.00559062145765940, -0.0188126826654168,-0.00433823493894462, -0.00107979890444606, 0.0244122567787061, 0.0131522420589897, -0.0161994955439755,0.00352092968330645,  -0.0112897752097169,-0.00566010549663975, 0.0128515965687431,-0.000544793619274445},
	{-0.00649532462628257,-0.000766479373419782, -0.0257479415713082, -0.0149860111326580, -0.00435325832875576, 0.0280322930246385, 0.0222952461027910, -0.0212732208303215, 0.0228160629557707,  -0.0135906612857896, -0.0140912105251794, 0.0313347644044868, -0.00167423976489633},
	{ 0.00218006485024826,  0.00242166816846425,  0.0263009055534828, 0.00702073989134458,   0.0130745030823454,-0.0236373920717436,-0.0176410988216064,  0.0217468217076700,-0.0141214897902288,  0.00538314174325750, 0.00445475935767659,-0.0264295292907026,  0.00113205402331785},
	{  0.0229491909397125,  0.00860939956645751,  0.0472519591005683,  0.0156595457006687,  0.00764879638835434,-0.0454536061867621,-0.0433976959365372,  0.0528497316527605,-0.0190263820981403, 0.000281258591999699,  0.0127575554278928,-0.0635337098386524,  0.00409628421608942},
	{-0.00669812312995816, -0.00208994356319249, -0.0160419143957716, 0.00174339451288322, -0.00123033985269679,0.00720463371800974, 0.0100274057241367,-0.00643189662134533,0.00468059922925683,-0.000240207520448140, 0.00266753246213986,0.00900924485110382, -0.00237912960657100},
	{ -0.0142577374451999, -0.00318884963964829, -0.0610961141809103, -0.0264311138164052, -0.00702159377337736, 0.0633556832678747, 0.0429124402595212, -0.0588967911804339, 0.0241323124950024,  -0.0131223974493373, -0.0119171324427134, 0.0696128752937562,  0.00111085038782405},
	{  0.0325309784843028,   0.0122036801386741,   0.107883341171631,  0.0435115007051963,   0.0187202989888156, -0.108467207743619,-0.0838509471097747,  0.0888450273673848,-0.0442457250358787,   0.0200157318299639,  0.0330859119679705, -0.118286581932026, -0.00315215803682374},
	{  0.0120309326943225,  0.00189832579103778,  0.0366808015209540,  0.0150750353660485,  0.00170016017115808,-0.0410100997263725,-0.0242379948783767,  0.0367324462492213,-0.0170001596780880,  0.00556236086824696,  0.0141136945377444,-0.0384158578484419, -0.00916948106895412},
	{-0.00785942398527576,  0.00549651047671288, -0.0195623131123548, -0.0108044257067291, -0.00927323897563724, 0.0272959296656441, 0.0128210220032875, -0.0191776661222156, 0.0175995452576875, -0.00947760335684491, -0.0105362103199785, 0.0234449730445378,  0.00729032189610537},
	{-0.00683464776888202,  -0.0107629858578096,-0.00728662461769198, 0.00180511951888996,-0.000964610588386076,0.00603991670935981,0.00784246571445031,-0.00286942893982069,0.00266705910516878,  0.00647316185054271,-0.00813267346864449, 0.0157170412231097, -0.00353063809502663},
	{ -0.0187826787908725,  -0.0139173040152389, -0.0365941505529329, -0.0115242241651999, -0.00564602135759945, 0.0344069941291291, 0.0362815609809629, -0.0474497687059973, 0.0127485539175301,  0.00389984067460890,-0.00875135289757271, 0.0553948515748819,  0.00698821415197926},
	{  0.0255431799053021, -0.00182069362167287,  0.0870115207455432,  0.0295277661756031,  0.00614699187440084,-0.0807386518913625,-0.0601166336712810,  0.0634380949107352,-0.0329922451444239,   0.0266403072067838,  0.0295428574490425,-0.0898876590534899, -0.00342994712683006},
	{ -0.0233254243724748, -0.00123684990935301, -0.0910754410959507, -0.0349889380542883,  -0.0132646241134138, 0.0851558485812613, 0.0673139176948397, -0.0702973133331227, 0.0321545977160758,  -0.0144523643245061, -0.0308384988746748, 0.0938171918555853,  0.00408369295831458},}, };

#ifdef __cplusplus
}
#endif

#endif  // __CLA_MATRIX_LUP_INVERSE_TEST_DATA_H__
